8
bacterial1 0.000 0.093 0.047 0.050 0.094 0.140 0.111 0.182
bacterial2 0.093 0.000 0.064 0.102 0.076 0.068 0.111 0.109
bacterial3 0.047 0.064 0.000 0.058 0.070 0.107 0.111 0.149
bacterial4 0.050 0.102 0.058 0.000 0.107 0.147 0.120 0.184
mamalian1  0.094 0.076 0.070 0.107 0.000 0.092 0.112 0.129
mamalian2  0.140 0.068 0.107 0.147 0.092 0.000 0.162 0.055
mamalian3  0.111 0.111 0.111 0.120 0.112 0.162 0.000 0.194
mamalian4  0.182 0.109 0.149 0.184 0.129 0.055 0.194 0.000
