8
bacterial1 0.000 0.165 0.114 0.137 0.168 0.221 0.187 0.276
bacterial2 0.165 0.000 0.127 0.176 0.140 0.130 0.183 0.182
bacterial3 0.114 0.127 0.000 0.137 0.138 0.180 0.188 0.232
bacterial4 0.137 0.176 0.137 0.000 0.183 0.227 0.202 0.277
mamalian1  0.168 0.140 0.138 0.183 0.000 0.153 0.183 0.204
mamalian2  0.221 0.130 0.180 0.227 0.153 0.000 0.245 0.114
mamalian3  0.187 0.183 0.188 0.202 0.183 0.245 0.000 0.286
mamalian4  0.276 0.182 0.232 0.277 0.204 0.114 0.286 0.000
